0 16 12 17 10 15 11 23 11 2 21 3 11 14 15 2 12 10 6 14 28 15 15 16 25 7 13 
16 0 9 16 17 24 22 9 7 20 15 20 23 19 9 25 19 12 12 16 21 6 4 10 20 16 14 
12 9 0 13 12 16 18 25 7 18 16 10 14 14 20 15 20 21 13 15 3 13 13 12 5 6 15 
17 16 13 0 8 19 26 10 18 17 28 22 15 9 22 22 18 16 11 17 22 22 19 20 17 14 19 
10 17 12 8 0 10 16 16 17 12 3 5 17 13 8 4 9 4 21 10 17 16 5 19 12 17 7 
15 24 16 19 10 0 12 11 18 20 26 11 8 14 13 18 17 16 18 5 21 14 23 2 13 19 9 
11 22 18 26 16 12 0 20 15 23 15 15 12 22 21 16 14 3 25 6 9 18 16 20 16 18 9 
23 9 25 10 16 11 20 0 21 23 21 25 10 13 11 20 8 14 16 20 27 13 17 4 5 26 19 
11 7 7 18 17 18 15 21 0 8 20 20 27 13 5 13 26 8 9 17 12 17 17 9 20 7 11 
2 20 18 17 12 20 23 23 8 0 4 18 13 17 21 13 3 6 26 27 14 23 23 20 5 26 20 
21 15 16 28 3 26 15 21 20 4 0 7 15 8 11 15 21 20 19 21 15 21 11 18 18 4 13 
3 20 10 22 5 11 15 25 20 18 7 0 12 10 7 18 10 17 13 1 12 12 15 16 9 25 8 
11 23 14 15 17 8 12 10 27 13 15 12 0 18 6 20 14 5 19 11 13 9 13 19 22 15 10 
14 19 14 9 13 14 22 13 13 17 8 10 18 0 20 21 15 18 18 17 6 16 24 11 5 15 16 
15 9 20 22 8 13 21 11 5 21 11 7 6 20 0 14 17 13 9 8 16 24 7 15 12 22 21 
2 25 15 22 4 18 16 20 13 13 15 18 20 21 14 0 20 11 17 19 23 6 14 20 19 19 12 
12 19 20 18 9 17 14 8 26 3 21 10 14 15 17 20 0 16 6 16 15 21 19 22 16 6 20 
10 12 21 16 4 16 3 14 8 6 20 17 5 18 13 11 16 0 9 8 10 24 20 20 19 10 24 
6 12 13 11 21 18 25 16 9 26 19 13 19 18 9 17 6 9 0 4 17 26 7 14 24 12 9 
14 16 15 17 10 5 6 20 17 27 21 1 11 17 8 19 16 8 4 0 10 22 13 11 7 10 17 
28 21 3 22 17 21 9 27 12 14 15 12 13 6 16 23 15 10 17 10 0 11 16 27 3 17 9 
15 6 13 22 16 14 18 13 17 23 21 12 9 16 24 6 21 24 26 22 11 0 24 13 10 6 19 
15 4 13 19 5 23 16 17 17 23 11 15 13 24 7 14 19 20 7 13 16 24 0 18 15 17 8 
16 10 12 20 19 2 20 4 9 20 18 16 19 11 15 20 22 20 14 11 27 13 18 0 19 18 24 
25 20 5 17 12 13 16 5 20 5 18 9 22 5 12 19 16 19 24 7 3 10 15 19 0 2 4 
7 16 6 14 17 19 18 26 7 26 4 25 15 15 22 19 6 10 12 10 17 6 17 18 2 0 14 
13 14 15 19 7 9 9 19 11 20 13 8 10 16 21 12 20 24 9 17 9 19 8 24 4 14 0 
