0 26 14 17 17 19 15 15 12 13 17 16 20 16 14 11 12 5 7 14 15 20 10 13 22 8 
26 0 18 10 14 8 15 8 13 27 7 23 12 17 20 24 16 7 24 22 16 14 5 22 20 24 
14 18 0 4 18 12 14 8 16 12 18 12 9 16 14 10 17 27 20 19 15 16 9 18 14 26 
17 10 4 0 3 25 29 10 7 11 14 11 14 14 10 19 14 16 23 11 8 12 16 3 4 8 
17 14 18 3 0 19 18 11 17 18 24 15 11 4 13 10 11 10 25 12 4 12 18 13 11 15 
19 8 12 25 19 0 2 8 18 13 9 21 18 9 12 12 23 18 3 16 19 24 8 14 2 17 
15 15 14 29 18 2 0 11 12 18 9 7 7 6 24 15 10 20 20 9 8 19 10 10 10 11 
15 8 8 10 11 8 11 0 20 4 6 16 19 15 13 19 10 15 11 17 20 20 13 14 22 24 
12 13 16 7 17 18 12 20 0 25 16 16 7 28 4 17 10 19 8 26 23 24 4 17 12 13 
13 27 12 11 18 13 18 4 25 0 15 28 21 9 19 13 11 18 4 17 18 14 16 21 2 9 
17 7 18 14 24 9 9 6 16 15 0 15 22 18 20 21 17 17 19 13 15 24 17 15 12 18 
16 23 12 11 15 21 7 16 16 28 15 0 15 10 13 4 18 16 16 10 13 18 12 15 23 5 
20 12 9 14 11 18 7 19 7 21 22 15 0 16 9 24 27 14 12 7 14 21 5 24 19 14 
16 17 16 14 4 9 6 15 28 9 18 10 16 0 16 7 28 3 13 18 5 27 6 16 3 20 
14 20 14 10 13 12 24 13 4 19 20 13 9 16 0 20 17 14 29 16 12 24 18 11 9 11 
11 24 10 19 10 12 15 19 17 13 21 4 24 7 20 0 11 20 18 15 22 21 15 4 12 19 
12 16 17 14 11 23 10 10 10 11 17 18 27 28 17 11 0 12 22 27 5 19 25 10 17 25 
5 7 27 16 10 18 20 15 19 18 17 16 14 3 14 20 12 0 23 14 19 7 19 14 12 15 
7 24 20 23 25 3 20 11 8 4 19 16 12 13 29 18 22 23 0 7 19 16 10 5 7 15 
14 22 19 11 12 16 9 17 26 17 13 10 7 18 16 15 27 14 7 0 19 20 11 18 15 22 
15 16 15 8 4 19 8 20 23 18 15 13 14 5 12 22 5 19 19 19 0 21 20 9 11 14 
20 14 16 12 12 24 19 20 24 14 24 18 21 27 24 21 19 7 16 20 21 0 12 17 12 16 
10 5 9 16 18 8 10 13 4 16 17 12 5 6 18 15 25 19 10 11 20 12 0 17 20 19 
13 22 18 3 13 14 10 14 17 21 15 15 24 16 11 4 10 14 5 18 9 17 17 0 11 15 
22 20 14 4 11 2 10 22 12 2 12 23 19 3 9 12 17 12 7 15 11 12 20 11 0 21 
8 24 26 8 15 17 11 24 13 9 18 5 14 20 11 19 25 15 15 22 14 16 19 15 21 0 
