0 12 12 17 18 16 4 13 11 27 19 9 21 7 25 16 17 13 9 8 14 20 24 3 15 6 
12 0 18 7 26 19 18 3 20 13 19 15 7 13 9 12 15 21 18 24 27 4 16 9 22 11 
12 18 0 24 27 20 23 21 27 21 18 17 21 9 18 25 25 22 17 15 14 11 24 21 24 9 
17 7 24 0 13 15 16 9 10 22 18 12 14 17 13 17 17 17 10 19 7 15 20 6 6 12 
18 26 27 13 0 17 13 18 19 16 13 16 19 15 10 15 26 9 11 18 16 17 14 26 15 4 
16 19 20 15 17 0 14 14 16 19 12 21 23 22 2 8 4 8 9 9 15 8 15 22 18 5 
4 18 23 16 13 14 0 22 11 21 18 14 16 15 19 3 14 18 12 2 16 12 15 14 9 16 
13 3 21 9 18 14 22 0 1 22 15 16 13 12 13 24 24 18 13 6 8 9 10 20 17 16 
11 20 27 10 19 16 11 1 0 19 12 14 26 15 6 12 14 2 18 19 12 17 12 12 24 14 
27 13 21 22 16 19 21 22 19 0 19 7 23 22 11 13 10 18 12 19 13 8 10 19 8 20 
19 19 18 18 13 12 18 15 12 19 0 7 20 19 8 17 12 18 27 18 16 23 7 17 14 10 
9 15 17 12 16 21 14 16 14 7 7 0 23 7 9 24 24 23 17 12 12 9 12 13 7 3 
21 7 21 14 19 23 16 13 26 23 20 23 0 12 17 13 25 15 23 6 12 8 16 9 4 10 
7 13 9 17 15 22 15 12 15 22 19 7 12 0 14 20 14 9 10 17 9 6 15 19 12 9 
25 9 18 13 10 2 19 13 6 11 8 9 17 14 0 17 14 11 19 11 10 12 22 8 12 12 
16 12 25 17 15 8 3 24 12 13 17 24 13 20 17 0 25 9 18 8 13 18 11 17 18 22 
17 15 25 17 26 4 14 24 14 10 12 24 25 14 14 25 0 19 20 15 14 21 23 12 19 4 
13 21 22 17 9 8 18 18 2 18 18 23 15 9 11 9 19 0 20 14 20 14 9 17 18 14 
9 18 17 10 11 9 12 13 18 12 27 17 23 10 19 18 20 20 0 17 8 19 13 14 6 20 
8 24 15 19 18 9 2 6 19 19 18 12 6 17 11 8 15 14 17 0 24 5 5 7 16 9 
14 27 14 7 16 15 16 8 12 13 16 12 12 9 10 13 14 20 8 24 0 6 18 8 23 25 
20 4 11 15 17 8 12 9 17 8 23 9 8 6 12 18 21 14 19 5 6 0 20 21 8 10 
24 16 24 20 14 15 15 10 12 10 7 12 16 15 22 11 23 9 13 5 18 20 0 19 13 12 
3 9 21 6 26 22 14 20 12 19 17 13 9 19 8 17 12 17 14 7 8 21 19 0 28 15 
15 22 24 6 15 18 9 17 24 8 14 7 4 12 12 18 19 18 6 16 23 8 13 28 0 4 
6 11 9 12 4 5 16 16 14 20 10 3 10 9 12 22 4 14 20 9 25 10 12 15 4 0 
